{"grid": [[0.5, 0.5975, 0.6913, 0.7778, 0.8536, 0.9157, 0.9619, 0.9904, 1.0, 0.9904, 0.9619, 0.9157, 0.8536, 0.7778, 0.6913, 0.5975, 0.5, 0.4025, 0.3087, 0.2222, 0.1464, 0.0843, 0.0381, 0.0096, 0.0, 0.0096, 0.0381, 0.0843, 0.1464, 0.2222, 0.3087, 0.4025, 0.5, 0.5975, 0.6913, 0.7778, 0.8536, 0.9157, 0.9619, 0.9904, 1.0, 0.9904, 0.9619, 0.9157, 0.8536, 0.7778, 0.6913, 0.5975, 0.5, 0.4025, 0.3087, 0.2222, 0.1464, 0.0843, 0.0381, 0.0096, 0.0, 0.0096, 0.0381, 0.0843, 0.1464, 0.2222, 0.3087, 0.4025], [0.5, 0.5957, 0.6877, 0.7724, 0.8468, 0.9077, 0.9531, 0.981, 0.9904, 0.981, 0.9531, 0.9077, 0.8468, 0.7724, 0.6877, 0.5957, 0.5, 0.4043, 0.3123, 0.2276, 0.1532, 0.0923, 0.0469, 0.019, 0.0096, 0.019, 0.0469, 0.0923, 0.1532, 0.2276, 0.3123, 0.4043, 0.5, 0.5957, 0.6877, 0.7724, 0.8468, 0.9077, 0.9531, 0.981, 0.9904, 0.981, 0.9531, 0.9077, 0.8468, 0.7724, 0.6877, 0.5957, 0.5, 0.4043, 0.3123, 0.2276, 0.1532, 0.0923, 0.0469, 0.019, 0.0096, 0.019, 0.0469, 0.0923, 0.1532, 0.2276, 0.3123, 0.4043], [0.5, 0.5901, 0.6768, 0.7566, 0.8266, 0.8841, 0.9268, 0.9531, 0.9619, 0.9531, 0.9268, 0.8841, 0.8266, 0.7566, 0.6768, 0.5901, 0.5, 0.4099, 0.3232, 0.2434, 0.1734, 0.1159, 0.0732, 0.0469, 0.0381, 0.0469, 0.0732, 0.1159, 0.1734, 0.2434, 0.3232, 0.4099, 0.5, 0.5901, 0.6768, 0.7566, 0.8266, 0.8841, 0.9268, 0.9531, 0.9619, 0.9531, 0.9268, 0.8841, 0.8266, 0.7566, 0.6768, 0.5901, 0.5, 0.4099, 0.3232, 0.2434, 0.1734, 0.1159, 0.0732, 0.0469, 0.0381, 0.0469, 0.0732, 0.1159, 0.1734, 0.2434, 0.3232, 0.4099], [0.5, 0.5811, 0.6591, 0.731, 0.794, 0.8457, 0.8841, 0.9077, 0.9157, 0.9077, 0.8841, 0.8457, 0.794, 0.731, 0.6591, 0.5811, 0.5, 0.4189, 0.3409, 0.269, 0.206, 0.1543, 0.1159, 0.0923, 0.0843, 0.0923, 0.1159, 0.1543, 0.206, 0.269, 0.3409, 0.4189, 0.5, 0.5811, 0.6591, 0.731, 0.794, 0.8457, 0.8841, 0.9077, 0.9157, 0.9077, 0.8841, 0.8457, 0.794, 0.731, 0.6591, 0.5811, 0.5, 0.4189, 0.3409, 0.269, 0.206, 0.1543, 0.1159, 0.0923, 0.0843, 0.0923, 0.1159, 0.1543, 0.206, 0.269, 0.3409, 0.4189], [0.5, 0.569, 0.6353, 0.6964, 0.75, 0.794, 0.8266, 0.8468, 0.8536, 0.8468, 0.8266, 0.794, 0.75, 0.6964, 0.6353, 0.569, 0.5, 0.431, 0.3647, 0.3036, 0.25, 0.206, 0.1734, 0.1532, 0.1464, 0.1532, 0.1734, 0.206, 0.25, 0.3036, 0.3647, 0.431, 0.5, 0.569, 0.6353, 0.6964, 0.75, 0.794, 0.8266, 0.8468, 0.8536, 0.8468, 0.8266, 0.794, 0.75, 0.6964, 0.6353, 0.569, 0.5, 0.431, 0.3647, 0.3036, 0.25, 0.206, 0.1734, 0.1532, 0.1464, 0.1532, 0.1734, 0.206, 0.25, 0.3036, 0.3647, 0.431], [0.5, 0.5542, 0.6063, 0.6543, 0.6964, 0.731, 0.7566, 0.7724, 0.7778, 0.7724, 0.7566, 0.731, 0.6964, 0.6543, 0.6063, 0.5542, 0.5, 0.4458, 0.3937, 0.3457, 0.3036, 0.269, 0.2434, 0.2276, 0.2222, 0.2276, 0.2434, 0.269, 0.3036, 0.3457, 0.3937, 0.4458, 0.5, 0.5542, 0.6063, 0.6543, 0.6964, 0.731, 0.7566, 0.7724, 0.7778, 0.7724, 0.7566, 0.731, 0.6964, 0.6543, 0.6063, 0.5542, 0.5, 0.4458, 0.3937, 0.3457, 0.3036, 0.269, 0.2434, 0.2276, 0.2222, 0.2276, 0.2434, 0.269, 0.3036, 0.3457, 0.3937, 0.4458], [0.5, 0.5373, 0.5732, 0.6063, 0.6353, 0.6591, 0.6768, 0.6877, 0.6913, 0.6877, 0.6768, 0.6591, 0.6353, 0.6063, 0.5732, 0.5373, 0.5, 0.4627, 0.4268, 0.3937, 0.3647, 0.3409, 0.3232, 0.3123, 0.3087, 0.3123, 0.3232, 0.3409, 0.3647, 0.3937, 0.4268, 0.4627, 0.5, 0.5373, 0.5732, 0.6063, 0.6353, 0.6591, 0.6768, 0.6877, 0.6913, 0.6877, 0.6768, 0.6591, 0.6353, 0.6063, 0.5732, 0.5373, 0.5, 0.4627, 0.4268, 0.3937, 0.3647, 0.3409, 0.3232, 0.3123, 0.3087, 0.3123, 0.3232, 0.3409, 0.3647, 0.3937, 0.4268, 0.4627], [0.5, 0.519, 0.5373, 0.5542, 0.569, 0.5811, 0.5901, 0.5957, 0.5975, 0.5957, 0.5901, 0.5811, 0.569, 0.5542, 0.5373, 0.519, 0.5, 0.481, 0.4627, 0.4458, 0.431, 0.4189, 0.4099, 0.4043, 0.4025, 0.4043, 0.4099, 0.4189, 0.431, 0.4458, 0.4627, 0.481, 0.5, 0.519, 0.5373, 0.5542, 0.569, 0.5811, 0.5901, 0.5957, 0.5975, 0.5957, 0.5901, 0.5811, 0.569, 0.5542, 0.5373, 0.519, 0.5, 0.481, 0.4627, 0.4458, 0.431, 0.4189, 0.4099, 0.4043, 0.4025, 0.4043, 0.4099, 0.4189, 0.431, 0.4458, 0.4627, 0.481], [0.5, 0.5, 0.5, 0.5, 0.5, 0.5, 0.5, 0.5, 0.5, 0.5, 0.5, 0.5, 0.5, 0.5, 0.5, 0.5, 0.5, 0.5, 0.5, 0.5, 0.5, 0.5, 0.5, 0.5, 0.5, 0.5, 0.5, 0.5, 0.5, 0.5, 0.5, 0.5, 0.5, 0.5, 0.5, 0.5, 0.5, 0.5, 0.5, 0.5, 0.5, 0.5, 0.5, 0.5, 0.5, 0.5, 0.5, 0.5, 0.5, 0.5, 0.5, 0.5, 0.5, 0.5, 0.5, 0.5, 0.5, 0.5, 0.5, 0.5, 0.5, 0.5, 0.5, 0.5], [0.5, 0.481, 0.4627, 0.4458, 0.431, 0.4189, 0.4099, 0.4043, 0.4025, 0.4043, 0.4099, 0.4189, 0.431, 0.4458, 0.4627, 0.481, 0.5, 0.519, 0.5373, 0.5542, 0.569, 0.5811, 0.5901, 0.5957, 0.5975, 0.5957, 0.5901, 0.5811, 0.569, 0.5542, 0.5373, 0.519, 0.5, 0.481, 0.4627, 0.4458, 0.431, 0.4189, 0.4099, 0.4043, 0.4025, 0.4043, 0.4099, 0.4189, 0.431, 0.4458, 0.4627, 0.481, 0.5, 0.519, 0.5373, 0.5542, 0.569, 0.5811, 0.5901, 0.5957, 0.5975, 0.5957, 0.5901, 0.5811, 0.569, 0.5542, 0.5373, 0.519], [0.5, 0.4627, 0.4268, 0.3937, 0.3647, 0.3409, 0.3232, 0.3123, 0.3087, 0.3123, 0.3232, 0.3409, 0.3647, 0.3937, 0.4268, 0.4627, 0.5, 0.5373, 0.5732, 0.6063, 0.6353, 0.6591, 0.6768, 0.6877, 0.6913, 0.6877, 0.6768, 0.6591, 0.6353, 0.6063, 0.5732, 0.5373, 0.5, 0.4627, 0.4268, 0.3937, 0.3647, 0.3409, 0.3232, 0.3123, 0.3087, 0.3123, 0.3232, 0.3409, 0.3647, 0.3937, 0.4268, 0.4627, 0.5, 0.5373, 0.5732, 0.6063, 0.6353, 0.6591, 0.6768, 0.6877, 0.6913, 0.6877, 0.6768, 0.6591, 0.6353, 0.6063, 0.5732, 0.5373], [0.5, 0.4458, 0.3937, 0.3457, 0.3036, 0.269, 0.2434, 0.2276, 0.2222, 0.2276, 0.2434, 0.269, 0.3036, 0.3457, 0.3937, 0.4458, 0.5, 0.5542, 0.6063, 0.6543, 0.6964, 0.731, 0.7566, 0.7724, 0.7778, 0.7724, 0.7566, 0.731, 0.6964, 0.6543, 0.6063, 0.5542, 0.5, 0.4458, 0.3937, 0.3457, 0.3036, 0.269, 0.2434, 0.2276, 0.2222, 0.2276, 0.2434, 0.269, 0.3036, 0.3457, 0.3937, 0.4458, 0.5, 0.5542, 0.6063, 0.6543, 0.6964, 0.731, 0.7566, 0.7724, 0.7778, 0.7724, 0.7566, 0.731, 0.6964, 0.6543, 0.6063, 0.5542], [0.5, 0.431, 0.3647, 0.3036, 0.25, 0.206, 0.1734, 0.1532, 0.1464, 0.1532, 0.1734, 0.206, 0.25, 0.3036, 0.3647, 0.431, 0.5, 0.569, 0.6353, 0.6964, 0.75, 0.794, 0.8266, 0.8468, 0.8536, 0.8468, 0.8266, 0.794, 0.75, 0.6964, 0.6353, 0.569, 0.5, 0.431, 0.3647, 0.3036, 0.25, 0.206, 0.1734, 0.1532, 0.1464, 0.1532, 0.1734, 0.206, 0.25, 0.3036, 0.3647, 0.431, 0.5, 0.569, 0.6353, 0.6964, 0.75, 0.794, 0.8266, 0.8468, 0.8536, 0.8468, 0.8266, 0.794, 0.75, 0.6964, 0.6353, 0.569], [0.5, 0.4189, 0.3409, 0.269, 0.206, 0.1543, 0.1159, 0.0923, 0.0843, 0.0923, 0.1159, 0.1543, 0.206, 0.269, 0.3409, 0.4189, 0.5, 0.5811, 0.6591, 0.731, 0.794, 0.8457, 0.8841, 0.9077, 0.9157, 0.9077, 0.8841, 0.8457, 0.794, 0.731, 0.6591, 0.5811, 0.5, 0.4189, 0.3409, 0.269, 0.206, 0.1543, 0.1159, 0.0923, 0.0843, 0.0923, 0.1159, 0.1543, 0.206, 0.269, 0.3409, 0.4189, 0.5, 0.5811, 0.6591, 0.731, 0.794, 0.8457, 0.8841, 0.9077, 0.9157, 0.9077, 0.8841, 0.8457, 0.794, 0.731, 0.6591, 0.5811], [0.5, 0.4099, 0.3232, 0.2434, 0.1734, 0.1159, 0.0732, 0.0469, 0.0381, 0.0469, 0.0732, 0.1159, 0.1734, 0.2434, 0.3232, 0.4099, 0.5, 0.5901, 0.6768, 0.7566, 0.8266, 0.8841, 0.9268, 0.9531, 0.9619, 0.9531, 0.9268, 0.8841, 0.8266, 0.7566, 0.6768, 0.5901, 0.5, 0.4099, 0.3232, 0.2434, 0.1734, 0.1159, 0.0732, 0.0469, 0.0381, 0.0469, 0.0732, 0.1159, 0.1734, 0.2434, 0.3232, 0.4099, 0.5, 0.5901, 0.6768, 0.7566, 0.8266, 0.8841, 0.9268, 0.9531, 0.9619, 0.9531, 0.9268, 0.8841, 0.8266, 0.7566, 0.6768, 0.5901], [0.5, 0.4043, 0.3123, 0.2276, 0.1532, 0.0923, 0.0469, 0.019, 0.0096, 0.019, 0.0469, 0.0923, 0.1532, 0.2276, 0.3123, 0.4043, 0.5, 0.5957, 0.6877, 0.7724, 0.8468, 0.9077, 0.9531, 0.981, 0.9904, 0.981, 0.9531, 0.9077, 0.8468, 0.7724, 0.6877, 0.5957, 0.5, 0.4043, 0.3123, 0.2276, 0.1532, 0.0923, 0.0469, 0.019, 0.0096, 0.019, 0.0469, 0.0923, 0.1532, 0.2276, 0.3123, 0.4043, 0.5, 0.5957, 0.6877, 0.7724, 0.8468, 0.9077, 0.9531, 0.981, 0.9904, 0.981, 0.9531, 0.9077, 0.8468, 0.7724, 0.6877, 0.5957], [0.5, 0.4025, 0.3087, 0.2222, 0.1464, 0.0843, 0.0381, 0.0096, 0.0, 0.0096, 0.0381, 0.0843, 0.1464, 0.2222, 0.3087, 0.4025, 0.5, 0.5975, 0.6913, 0.7778, 0.8536, 0.9157, 0.9619, 0.9904, 1.0, 0.9904, 0.9619, 0.9157, 0.8536, 0.7778, 0.6913, 0.5975, 0.5, 0.4025, 0.3087, 0.2222, 0.1464, 0.0843, 0.0381, 0.0096, 0.0, 0.0096, 0.0381, 0.0843, 0.1464, 0.2222, 0.3087, 0.4025, 0.5, 0.5975, 0.6913, 0.7778, 0.8536, 0.9157, 0.9619, 0.9904, 1.0, 0.9904, 0.9619, 0.9157, 0.8536, 0.7778, 0.6913, 0.5975], [0.5, 0.4043, 0.3123, 0.2276, 0.1532, 0.0923, 0.0469, 0.019, 0.0096, 0.019, 0.0469, 0.0923, 0.1532, 0.2276, 0.3123, 0.4043, 0.5, 0.5957, 0.6877, 0.7724, 0.8468, 0.9077, 0.9531, 0.981, 0.9904, 0.981, 0.9531, 0.9077, 0.8468, 0.7724, 0.6877, 0.5957, 0.5, 0.4043, 0.3123, 0.2276, 0.1532, 0.0923, 0.0469, 0.019, 0.0096, 0.019, 0.0469, 0.0923, 0.1532, 0.2276, 0.3123, 0.4043, 0.5, 0.5957, 0.6877, 0.7724, 0.8468, 0.9077, 0.9531, 0.981, 0.9904, 0.981, 0.9531, 0.9077, 0.8468, 0.7724, 0.6877, 0.5957], [0.5, 0.4099, 0.3232, 0.2434, 0.1734, 0.1159, 0.0732, 0.0469, 0.0381, 0.0469, 0.0732, 0.1159, 0.1734, 0.2434, 0.3232, 0.4099, 0.5, 0.5901, 0.6768, 0.7566, 0.8266, 0.8841, 0.9268, 0.9531, 0.9619, 0.9531, 0.9268, 0.8841, 0.8266, 0.7566, 0.6768, 0.5901, 0.5, 0.4099, 0.3232, 0.2434, 0.1734, 0.1159, 0.0732, 0.0469, 0.0381, 0.0469, 0.0732, 0.1159, 0.1734, 0.2434, 0.3232, 0.4099, 0.5, 0.5901, 0.6768, 0.7566, 0.8266, 0.8841, 0.9268, 0.9531, 0.9619, 0.9531, 0.9268, 0.8841, 0.8266, 0.7566, 0.6768, 0.5901], [0.5, 0.4189, 0.3409, 0.269, 0.206, 0.1543, 0.1159, 0.0923, 0.0843, 0.0923, 0.1159, 0.1543, 0.206, 0.269, 0.3409, 0.4189, 0.5, 0.5811, 0.6591, 0.731, 0.794, 0.8457, 0.8841, 0.9077, 0.9157, 0.9077, 0.8841, 0.8457, 0.794, 0.731, 0.6591, 0.5811, 0.5, 0.4189, 0.3409, 0.269, 0.206, 0.1543, 0.1159, 0.0923, 0.0843, 0.0923, 0.1159, 0.1543, 0.206, 0.269, 0.3409, 0.4189, 0.5, 0.5811, 0.6591, 0.731, 0.794, 0.8457, 0.8841, 0.9077, 0.9157, 0.9077, 0.8841, 0.8457, 0.794, 0.731, 0.6591, 0.5811], [0.5, 0.431, 0.3647, 0.3036, 0.25, 0.206, 0.1734, 0.1532, 0.1464, 0.1532, 0.1734, 0.206, 0.25, 0.3036, 0.3647, 0.431, 0.5, 0.569, 0.6353, 0.6964, 0.75, 0.794, 0.8266, 0.8468, 0.8536, 0.8468, 0.8266, 0.794, 0.75, 0.6964, 0.6353, 0.569, 0.5, 0.431, 0.3647, 0.3036, 0.25, 0.206, 0.1734, 0.1532, 0.1464, 0.1532, 0.1734, 0.206, 0.25, 0.3036, 0.3647, 0.431, 0.5, 0.569, 0.6353, 0.6964, 0.75, 0.794, 0.8266, 0.8468, 0.8536, 0.8468, 0.8266, 0.794, 0.75, 0.6964, 0.6353, 0.569], [0.5, 0.4458, 0.3937, 0.3457, 0.3036, 0.269, 0.2434, 0.2276, 0.2222, 0.2276, 0.2434, 0.269, 0.3036, 0.3457, 0.3937, 0.4458, 0.5, 0.5542, 0.6063, 0.6543, 0.6964, 0.731, 0.7566, 0.7724, 0.7778, 0.7724, 0.7566, 0.731, 0.6964, 0.6543, 0.6063, 0.5542, 0.5, 0.4458, 0.3937, 0.3457, 0.3036, 0.269, 0.2434, 0.2276, 0.2222, 0.2276, 0.2434, 0.269, 0.3036, 0.3457, 0.3937, 0.4458, 0.5, 0.5542, 0.6063, 0.6543, 0.6964, 0.731, 0.7566, 0.7724, 0.7778, 0.7724, 0.7566, 0.731, 0.6964, 0.6543, 0.6063, 0.5542], [0.5, 0.4627, 0.4268, 0.3937, 0.3647, 0.3409, 0.3232, 0.3123, 0.3087, 0.3123, 0.3232, 0.3409, 0.3647, 0.3937, 0.4268, 0.4627, 0.5, 0.5373, 0.5732, 0.6063, 0.6353, 0.6591, 0.6768, 0.6877, 0.6913, 0.6877, 0.6768, 0.6591, 0.6353, 0.6063, 0.5732, 0.5373, 0.5, 0.4627, 0.4268, 0.3937, 0.3647, 0.3409, 0.3232, 0.3123, 0.3087, 0.3123, 0.3232, 0.3409, 0.3647, 0.3937, 0.4268, 0.4627, 0.5, 0.5373, 0.5732, 0.6063, 0.6353, 0.6591, 0.6768, 0.6877, 0.6913, 0.6877, 0.6768, 0.6591, 0.6353, 0.6063, 0.5732, 0.5373], [0.5, 0.481, 0.4627, 0.4458, 0.431, 0.4189, 0.4099, 0.4043, 0.4025, 0.4043, 0.4099, 0.4189, 0.431, 0.4458, 0.4627, 0.481, 0.5, 0.519, 0.5373, 0.5542, 0.569, 0.5811, 0.5901, 0.5957, 0.5975, 0.5957, 0.5901, 0.5811, 0.569, 0.5542, 0.5373, 0.519, 0.5, 0.481, 0.4627, 0.4458, 0.431, 0.4189, 0.4099, 0.4043, 0.4025, 0.4043, 0.4099, 0.4189, 0.431, 0.4458, 0.4627, 0.481, 0.5, 0.519, 0.5373, 0.5542, 0.569, 0.5811, 0.5901, 0.5957, 0.5975, 0.5957, 0.5901, 0.5811, 0.569, 0.5542, 0.5373, 0.519], [0.5, 0.5, 0.5, 0.5, 0.5, 0.5, 0.5, 0.5, 0.5, 0.5, 0.5, 0.5, 0.5, 0.5, 0.5, 0.5, 0.5, 0.5, 0.5, 0.5, 0.5, 0.5, 0.5, 0.5, 0.5, 0.5, 0.5, 0.5, 0.5, 0.5, 0.5, 0.5, 0.5, 0.5, 0.5, 0.5, 0.5, 0.5, 0.5, 0.5, 0.5, 0.5, 0.5, 0.5, 0.5, 0.5, 0.5, 0.5, 0.5, 0.5, 0.5, 0.5, 0.5, 0.5, 0.5, 0.5, 0.5, 0.5, 0.5, 0.5, 0.5, 0.5, 0.5, 0.5], [0.5, 0.519, 0.5373, 0.5542, 0.569, 0.5811, 0.5901, 0.5957, 0.5975, 0.5957, 0.5901, 0.5811, 0.569, 0.5542, 0.5373, 0.519, 0.5, 0.481, 0.4627, 0.4458, 0.431, 0.4189, 0.4099, 0.4043, 0.4025, 0.4043, 0.4099, 0.4189, 0.431, 0.4458, 0.4627, 0.481, 0.5, 0.519, 0.5373, 0.5542, 0.569, 0.5811, 0.5901, 0.5957, 0.5975, 0.5957, 0.5901, 0.5811, 0.569, 0.5542, 0.5373, 0.519, 0.5, 0.481, 0.4627, 0.4458, 0.431, 0.4189, 0.4099, 0.4043, 0.4025, 0.4043, 0.4099, 0.4189, 0.431, 0.4458, 0.4627, 0.481], [0.5, 0.5373, 0.5732, 0.6063, 0.6353, 0.6591, 0.6768, 0.6877, 0.6913, 0.6877, 0.6768, 0.6591, 0.6353, 0.6063, 0.5732, 0.5373, 0.5, 0.4627, 0.4268, 0.3937, 0.3647, 0.3409, 0.3232, 0.3123, 0.3087, 0.3123, 0.3232, 0.3409, 0.3647, 0.3937, 0.4268, 0.4627, 0.5, 0.5373, 0.5732, 0.6063, 0.6353, 0.6591, 0.6768, 0.6877, 0.6913, 0.6877, 0.6768, 0.6591, 0.6353, 0.6063, 0.5732, 0.5373, 0.5, 0.4627, 0.4268, 0.3937, 0.3647, 0.3409, 0.3232, 0.3123, 0.3087, 0.3123, 0.3232, 0.3409, 0.3647, 0.3937, 0.4268, 0.4627], [0.5, 0.5542, 0.6063, 0.6543, 0.6964, 0.731, 0.7566, 0.7724, 0.7778, 0.7724, 0.7566, 0.731, 0.6964, 0.6543, 0.6063, 0.5542, 0.5, 0.4458, 0.3937, 0.3457, 0.3036, 0.269, 0.2434, 0.2276, 0.2222, 0.2276, 0.2434, 0.269, 0.3036, 0.3457, 0.3937, 0.4458, 0.5, 0.5542, 0.6063, 0.6543, 0.6964, 0.731, 0.7566, 0.7724, 0.7778, 0.7724, 0.7566, 0.731, 0.6964, 0.6543, 0.6063, 0.5542, 0.5, 0.4458, 0.3937, 0.3457, 0.3036, 0.269, 0.2434, 0.2276, 0.2222, 0.2276, 0.2434, 0.269, 0.3036, 0.3457, 0.3937, 0.4458], [0.5, 0.569, 0.6353, 0.6964, 0.75, 0.794, 0.8266, 0.8468, 0.8536, 0.8468, 0.8266, 0.794, 0.75, 0.6964, 0.6353, 0.569, 0.5, 0.431, 0.3647, 0.3036, 0.25, 0.206, 0.1734, 0.1532, 0.1464, 0.1532, 0.1734, 0.206, 0.25, 0.3036, 0.3647, 0.431, 0.5, 0.569, 0.6353, 0.6964, 0.75, 0.794, 0.8266, 0.8468, 0.8536, 0.8468, 0.8266, 0.794, 0.75, 0.6964, 0.6353, 0.569, 0.5, 0.431, 0.3647, 0.3036, 0.25, 0.206, 0.1734, 0.1532, 0.1464, 0.1532, 0.1734, 0.206, 0.25, 0.3036, 0.3647, 0.431], [0.5, 0.5811, 0.6591, 0.731, 0.794, 0.8457, 0.8841, 0.9077, 0.9157, 0.9077, 0.8841, 0.8457, 0.794, 0.731, 0.6591, 0.5811, 0.5, 0.4189, 0.3409, 0.269, 0.206, 0.1543, 0.1159, 0.0923, 0.0843, 0.0923, 0.1159, 0.1543, 0.206, 0.269, 0.3409, 0.4189, 0.5, 0.5811, 0.6591, 0.731, 0.794, 0.8457, 0.8841, 0.9077, 0.9157, 0.9077, 0.8841, 0.8457, 0.794, 0.731, 0.6591, 0.5811, 0.5, 0.4189, 0.3409, 0.269, 0.206, 0.1543, 0.1159, 0.0923, 0.0843, 0.0923, 0.1159, 0.1543, 0.206, 0.269, 0.3409, 0.4189], [0.5, 0.5901, 0.6768, 0.7566, 0.8266, 0.8841, 0.9268, 0.9531, 0.9619, 0.9531, 0.9268, 0.8841, 0.8266, 0.7566, 0.6768, 0.5901, 0.5, 0.4099, 0.3232, 0.2434, 0.1734, 0.1159, 0.0732, 0.0469, 0.0381, 0.0469, 0.0732, 0.1159, 0.1734, 0.2434, 0.3232, 0.4099, 0.5, 0.5901, 0.6768, 0.7566, 0.8266, 0.8841, 0.9268, 0.9531, 0.9619, 0.9531, 0.9268, 0.8841, 0.8266, 0.7566, 0.6768, 0.5901, 0.5, 0.4099, 0.3232, 0.2434, 0.1734, 0.1159, 0.0732, 0.0469, 0.0381, 0.0469, 0.0732, 0.1159, 0.1734, 0.2434, 0.3232, 0.4099], [0.5, 0.5957, 0.6877, 0.7724, 0.8468, 0.9077, 0.9531, 0.981, 0.9904, 0.981, 0.9531, 0.9077, 0.8468, 0.7724, 0.6877, 0.5957, 0.5, 0.4043, 0.3123, 0.2276, 0.1532, 0.0923, 0.0469, 0.019, 0.0096, 0.019, 0.0469, 0.0923, 0.1532, 0.2276, 0.3123, 0.4043, 0.5, 0.5957, 0.6877, 0.7724, 0.8468, 0.9077, 0.9531, 0.981, 0.9904, 0.981, 0.9531, 0.9077, 0.8468, 0.7724, 0.6877, 0.5957, 0.5, 0.4043, 0.3123, 0.2276, 0.1532, 0.0923, 0.0469, 0.019, 0.0096, 0.019, 0.0469, 0.0923, 0.1532, 0.2276, 0.3123, 0.4043], [0.5, 0.5975, 0.6913, 0.7778, 0.8536, 0.9157, 0.9619, 0.9904, 1.0, 0.9904, 0.9619, 0.9157, 0.8536, 0.7778, 0.6913, 0.5975, 0.5, 0.4025, 0.3087, 0.2222, 0.1464, 0.0843, 0.0381, 0.0096, 0.0, 0.0096, 0.0381, 0.0843, 0.1464, 0.2222, 0.3087, 0.4025, 0.5, 0.5975, 0.6913, 0.7778, 0.8536, 0.9157, 0.9619, 0.9904, 1.0, 0.9904, 0.9619, 0.9157, 0.8536, 0.7778, 0.6913, 0.5975, 0.5, 0.4025, 0.3087, 0.2222, 0.1464, 0.0843, 0.0381, 0.0096, 0.0, 0.0096, 0.0381, 0.0843, 0.1464, 0.2222, 0.3087, 0.4025], [0.5, 0.5957, 0.6877, 0.7724, 0.8468, 0.9077, 0.9531, 0.981, 0.9904, 0.981, 0.9531, 0.9077, 0.8468, 0.7724, 0.6877, 0.5957, 0.5, 0.4043, 0.3123, 0.2276, 0.1532, 0.0923, 0.0469, 0.019, 0.0096, 0.019, 0.0469, 0.0923, 0.1532, 0.2276, 0.3123, 0.4043, 0.5, 0.5957, 0.6877, 0.7724, 0.8468, 0.9077, 0.9531, 0.981, 0.9904, 0.981, 0.9531, 0.9077, 0.8468, 0.7724, 0.6877, 0.5957, 0.5, 0.4043, 0.3123, 0.2276, 0.1532, 0.0923, 0.0469, 0.019, 0.0096, 0.019, 0.0469, 0.0923, 0.1532, 0.2276, 0.3123, 0.4043], [0.5, 0.5901, 0.6768, 0.7566, 0.8266, 0.8841, 0.9268, 0.9531, 0.9619, 0.9531, 0.9268, 0.8841, 0.8266, 0.7566, 0.6768, 0.5901, 0.5, 0.4099, 0.3232, 0.2434, 0.1734, 0.1159, 0.0732, 0.0469, 0.0381, 0.0469, 0.0732, 0.1159, 0.1734, 0.2434, 0.3232, 0.4099, 0.5, 0.5901, 0.6768, 0.7566, 0.8266, 0.8841, 0.9268, 0.9531, 0.9619, 0.9531, 0.9268, 0.8841, 0.8266, 0.7566, 0.6768, 0.5901, 0.5, 0.4099, 0.3232, 0.2434, 0.1734, 0.1159, 0.0732, 0.0469, 0.0381, 0.0469, 0.0732, 0.1159, 0.1734, 0.2434, 0.3232, 0.4099], [0.5, 0.5811, 0.6591, 0.731, 0.794, 0.8457, 0.8841, 0.9077, 0.9157, 0.9077, 0.8841, 0.8457, 0.794, 0.731, 0.6591, 0.5811, 0.5, 0.4189, 0.3409, 0.269, 0.206, 0.1543, 0.1159, 0.0923, 0.0843, 0.0923, 0.1159, 0.1543, 0.206, 0.269, 0.3409, 0.4189, 0.5, 0.5811, 0.6591, 0.731, 0.794, 0.8457, 0.8841, 0.9077, 0.9157, 0.9077, 0.8841, 0.8457, 0.794, 0.731, 0.6591, 0.5811, 0.5, 0.4189, 0.3409, 0.269, 0.206, 0.1543, 0.1159, 0.0923, 0.0843, 0.0923, 0.1159, 0.1543, 0.206, 0.269, 0.3409, 0.4189], [0.5, 0.569, 0.6353, 0.6964, 0.75, 0.794, 0.8266, 0.8468, 0.8536, 0.8468, 0.8266, 0.794, 0.75, 0.6964, 0.6353, 0.569, 0.5, 0.431, 0.3647, 0.3036, 0.25, 0.206, 0.1734, 0.1532, 0.1464, 0.1532, 0.1734, 0.206, 0.25, 0.3036, 0.3647, 0.431, 0.5, 0.569, 0.6353, 0.6964, 0.75, 0.794, 0.8266, 0.8468, 0.8536, 0.8468, 0.8266, 0.794, 0.75, 0.6964, 0.6353, 0.569, 0.5, 0.431, 0.3647, 0.3036, 0.25, 0.206, 0.1734, 0.1532, 0.1464, 0.1532, 0.1734, 0.206, 0.25, 0.3036, 0.3647, 0.431], [0.5, 0.5542, 0.6063, 0.6543, 0.6964, 0.731, 0.7566, 0.7724, 0.7778, 0.7724, 0.7566, 0.731, 0.6964, 0.6543, 0.6063, 0.5542, 0.5, 0.4458, 0.3937, 0.3457, 0.3036, 0.269, 0.2434, 0.2276, 0.2222, 0.2276, 0.2434, 0.269, 0.3036, 0.3457, 0.3937, 0.4458, 0.5, 0.5542, 0.6063, 0.6543, 0.6964, 0.731, 0.7566, 0.7724, 0.7778, 0.7724, 0.7566, 0.731, 0.6964, 0.6543, 0.6063, 0.5542, 0.5, 0.4458, 0.3937, 0.3457, 0.3036, 0.269, 0.2434, 0.2276, 0.2222, 0.2276, 0.2434, 0.269, 0.3036, 0.3457, 0.3937, 0.4458], [0.5, 0.5373, 0.5732, 0.6063, 0.6353, 0.6591, 0.6768, 0.6877, 0.6913, 0.6877, 0.6768, 0.6591, 0.6353, 0.6063, 0.5732, 0.5373, 0.5, 0.4627, 0.4268, 0.3937, 0.3647, 0.3409, 0.3232, 0.3123, 0.3087, 0.3123, 0.3232, 0.3409, 0.3647, 0.3937, 0.4268, 0.4627, 0.5, 0.5373, 0.5732, 0.6063, 0.6353, 0.6591, 0.6768, 0.6877, 0.6913, 0.6877, 0.6768, 0.6591, 0.6353, 0.6063, 0.5732, 0.5373, 0.5, 0.4627, 0.4268, 0.3937, 0.3647, 0.3409, 0.3232, 0.3123, 0.3087, 0.3123, 0.3232, 0.3409, 0.3647, 0.3937, 0.4268, 0.4627], [0.5, 0.519, 0.5373, 0.5542, 0.569, 0.5811, 0.5901, 0.5957, 0.5975, 0.5957, 0.5901, 0.5811, 0.569, 0.5542, 0.5373, 0.519, 0.5, 0.481, 0.4627, 0.4458, 0.431, 0.4189, 0.4099, 0.4043, 0.4025, 0.4043, 0.4099, 0.4189, 0.431, 0.4458, 0.4627, 0.481, 0.5, 0.519, 0.5373, 0.5542, 0.569, 0.5811, 0.5901, 0.5957, 0.5975, 0.5957, 0.5901, 0.5811, 0.569, 0.5542, 0.5373, 0.519, 0.5, 0.481, 0.4627, 0.4458, 0.431, 0.4189, 0.4099, 0.4043, 0.4025, 0.4043, 0.4099, 0.4189, 0.431, 0.4458, 0.4627, 0.481], [0.5, 0.5, 0.5, 0.5, 0.5, 0.5, 0.5, 0.5, 0.5, 0.5, 0.5, 0.5, 0.5, 0.5, 0.5, 0.5, 0.5, 0.5, 0.5, 0.5, 0.5, 0.5, 0.5, 0.5, 0.5, 0.5, 0.5, 0.5, 0.5, 0.5, 0.5, 0.5, 0.5, 0.5, 0.5, 0.5, 0.5, 0.5, 0.5, 0.5, 0.5, 0.5, 0.5, 0.5, 0.5, 0.5, 0.5, 0.5, 0.5, 0.5, 0.5, 0.5, 0.5, 0.5, 0.5, 0.5, 0.5, 0.5, 0.5, 0.5, 0.5, 0.5, 0.5, 0.5], [0.5, 0.481, 0.4627, 0.4458, 0.431, 0.4189, 0.4099, 0.4043, 0.4025, 0.4043, 0.4099, 0.4189, 0.431, 0.4458, 0.4627, 0.481, 0.5, 0.519, 0.5373, 0.5542, 0.569, 0.5811, 0.5901, 0.5957, 0.5975, 0.5957, 0.5901, 0.5811, 0.569, 0.5542, 0.5373, 0.519, 0.5, 0.481, 0.4627, 0.4458, 0.431, 0.4189, 0.4099, 0.4043, 0.4025, 0.4043, 0.4099, 0.4189, 0.431, 0.4458, 0.4627, 0.481, 0.5, 0.519, 0.5373, 0.5542, 0.569, 0.5811, 0.5901, 0.5957, 0.5975, 0.5957, 0.5901, 0.5811, 0.569, 0.5542, 0.5373, 0.519], [0.5, 0.4627, 0.4268, 0.3937, 0.3647, 0.3409, 0.3232, 0.3123, 0.3087, 0.3123, 0.3232, 0.3409, 0.3647, 0.3937, 0.4268, 0.4627, 0.5, 0.5373, 0.5732, 0.6063, 0.6353, 0.6591, 0.6768, 0.6877, 0.6913, 0.6877, 0.6768, 0.6591, 0.6353, 0.6063, 0.5732, 0.5373, 0.5, 0.4627, 0.4268, 0.3937, 0.3647, 0.3409, 0.3232, 0.3123, 0.3087, 0.3123, 0.3232, 0.3409, 0.3647, 0.3937, 0.4268, 0.4627, 0.5, 0.5373, 0.5732, 0.6063, 0.6353, 0.6591, 0.6768, 0.6877, 0.6913, 0.6877, 0.6768, 0.6591, 0.6353, 0.6063, 0.5732, 0.5373], [0.5, 0.4458, 0.3937, 0.3457, 0.3036, 0.269, 0.2434, 0.2276, 0.2222, 0.2276, 0.2434, 0.269, 0.3036, 0.3457, 0.3937, 0.4458, 0.5, 0.5542, 0.6063, 0.6543, 0.6964, 0.731, 0.7566, 0.7724, 0.7778, 0.7724, 0.7566, 0.731, 0.6964, 0.6543, 0.6063, 0.5542, 0.5, 0.4458, 0.3937, 0.3457, 0.3036, 0.269, 0.2434, 0.2276, 0.2222, 0.2276, 0.2434, 0.269, 0.3036, 0.3457, 0.3937, 0.4458, 0.5, 0.5542, 0.6063, 0.6543, 0.6964, 0.731, 0.7566, 0.7724, 0.7778, 0.7724, 0.7566, 0.731, 0.6964, 0.6543, 0.6063, 0.5542], [0.5, 0.431, 0.3647, 0.3036, 0.25, 0.206, 0.1734, 0.1532, 0.1464, 0.1532, 0.1734, 0.206, 0.25, 0.3036, 0.3647, 0.431, 0.5, 0.569, 0.6353, 0.6964, 0.75, 0.794, 0.8266, 0.8468, 0.8536, 0.8468, 0.8266, 0.794, 0.75, 0.6964, 0.6353, 0.569, 0.5, 0.431, 0.3647, 0.3036, 0.25, 0.206, 0.1734, 0.1532, 0.1464, 0.1532, 0.1734, 0.206, 0.25, 0.3036, 0.3647, 0.431, 0.5, 0.569, 0.6353, 0.6964, 0.75, 0.794, 0.8266, 0.8468, 0.8536, 0.8468, 0.8266, 0.794, 0.75, 0.6964, 0.6353, 0.569], [0.5, 0.4189, 0.3409, 0.269, 0.206, 0.1543, 0.1159, 0.0923, 0.0843, 0.0923, 0.1159, 0.1543, 0.206, 0.269, 0.3409, 0.4189, 0.5, 0.5811, 0.6591, 0.731, 0.794, 0.8457, 0.8841, 0.9077, 0.9157, 0.9077, 0.8841, 0.8457, 0.794, 0.731, 0.6591, 0.5811, 0.5, 0.4189, 0.3409, 0.269, 0.206, 0.1543, 0.1159, 0.0923, 0.0843, 0.0923, 0.1159, 0.1543, 0.206, 0.269, 0.3409, 0.4189, 0.5, 0.5811, 0.6591, 0.731, 0.794, 0.8457, 0.8841, 0.9077, 0.9157, 0.9077, 0.8841, 0.8457, 0.794, 0.731, 0.6591, 0.5811], [0.5, 0.4099, 0.3232, 0.2434, 0.1734, 0.1159, 0.0732, 0.0469, 0.0381, 0.0469, 0.0732, 0.1159, 0.1734, 0.2434, 0.3232, 0.4099, 0.5, 0.5901, 0.6768, 0.7566, 0.8266, 0.8841, 0.9268, 0.9531, 0.9619, 0.9531, 0.9268, 0.8841, 0.8266, 0.7566, 0.6768, 0.5901, 0.5, 0.4099, 0.3232, 0.2434, 0.1734, 0.1159, 0.0732, 0.0469, 0.0381, 0.0469, 0.0732, 0.1159, 0.1734, 0.2434, 0.3232, 0.4099, 0.5, 0.5901, 0.6768, 0.7566, 0.8266, 0.8841, 0.9268, 0.9531, 0.9619, 0.9531, 0.9268, 0.8841, 0.8266, 0.7566, 0.6768, 0.5901], [0.5, 0.4043, 0.3123, 0.2276, 0.1532, 0.0923, 0.0469, 0.019, 0.0096, 0.019, 0.0469, 0.0923, 0.1532, 0.2276, 0.3123, 0.4043, 0.5, 0.5957, 0.6877, 0.7724, 0.8468, 0.9077, 0.9531, 0.981, 0.9904, 0.981, 0.9531, 0.9077, 0.8468, 0.7724, 0.6877, 0.5957, 0.5, 0.4043, 0.3123, 0.2276, 0.1532, 0.0923, 0.0469, 0.019, 0.0096, 0.019, 0.0469, 0.0923, 0.1532, 0.2276, 0.3123, 0.4043, 0.5, 0.5957, 0.6877, 0.7724, 0.8468, 0.9077, 0.9531, 0.981, 0.9904, 0.981, 0.9531, 0.9077, 0.8468, 0.7724, 0.6877, 0.5957], [0.5, 0.4025, 0.3087, 0.2222, 0.1464, 0.0843, 0.0381, 0.0096, 0.0, 0.0096, 0.0381, 0.0843, 0.1464, 0.2222, 0.3087, 0.4025, 0.5, 0.5975, 0.6913, 0.7778, 0.8536, 0.9157, 0.9619, 0.9904, 1.0, 0.9904, 0.9619, 0.9157, 0.8536, 0.7778, 0.6913, 0.5975, 0.5, 0.4025, 0.3087, 0.2222, 0.1464, 0.0843, 0.0381, 0.0096, 0.0, 0.0096, 0.0381, 0.0843, 0.1464, 0.2222, 0.3087, 0.4025, 0.5, 0.5975, 0.6913, 0.7778, 0.8536, 0.9157, 0.9619, 0.9904, 1.0, 0.9904, 0.9619, 0.9157, 0.8536, 0.7778, 0.6913, 0.5975], [0.5, 0.4043, 0.3123, 0.2276, 0.1532, 0.0923, 0.0469, 0.019, 0.0096, 0.019, 0.0469, 0.0923, 0.1532, 0.2276, 0.3123, 0.4043, 0.5, 0.5957, 0.6877, 0.7724, 0.8468, 0.9077, 0.9531, 0.981, 0.9904, 0.981, 0.9531, 0.9077, 0.8468, 0.7724, 0.6877, 0.5957, 0.5, 0.4043, 0.3123, 0.2276, 0.1532, 0.0923, 0.0469, 0.019, 0.0096, 0.019, 0.0469, 0.0923, 0.1532, 0.2276, 0.3123, 0.4043, 0.5, 0.5957, 0.6877, 0.7724, 0.8468, 0.9077, 0.9531, 0.981, 0.9904, 0.981, 0.9531, 0.9077, 0.8468, 0.7724, 0.6877, 0.5957], [0.5, 0.4099, 0.3232, 0.2434, 0.1734, 0.1159, 0.0732, 0.0469, 0.0381, 0.0469, 0.0732, 0.1159, 0.1734, 0.2434, 0.3232, 0.4099, 0.5, 0.5901, 0.6768, 0.7566, 0.8266, 0.8841, 0.9268, 0.9531, 0.9619, 0.9531, 0.9268, 0.8841, 0.8266, 0.7566, 0.6768, 0.5901, 0.5, 0.4099, 0.3232, 0.2434, 0.1734, 0.1159, 0.0732, 0.0469, 0.0381, 0.0469, 0.0732, 0.1159, 0.1734, 0.2434, 0.3232, 0.4099, 0.5, 0.5901, 0.6768, 0.7566, 0.8266, 0.8841, 0.9268, 0.9531, 0.9619, 0.9531, 0.9268, 0.8841, 0.8266, 0.7566, 0.6768, 0.5901], [0.5, 0.4189, 0.3409, 0.269, 0.206, 0.1543, 0.1159, 0.0923, 0.0843, 0.0923, 0.1159, 0.1543, 0.206, 0.269, 0.3409, 0.4189, 0.5, 0.5811, 0.6591, 0.731, 0.794, 0.8457, 0.8841, 0.9077, 0.9157, 0.9077, 0.8841, 0.8457, 0.794, 0.731, 0.6591, 0.5811, 0.5, 0.4189, 0.3409, 0.269, 0.206, 0.1543, 0.1159, 0.0923, 0.0843, 0.0923, 0.1159, 0.1543, 0.206, 0.269, 0.3409, 0.4189, 0.5, 0.5811, 0.6591, 0.731, 0.794, 0.8457, 0.8841, 0.9077, 0.9157, 0.9077, 0.8841, 0.8457, 0.794, 0.731, 0.6591, 0.5811], [0.5, 0.431, 0.3647, 0.3036, 0.25, 0.206, 0.1734, 0.1532, 0.1464, 0.1532, 0.1734, 0.206, 0.25, 0.3036, 0.3647, 0.431, 0.5, 0.569, 0.6353, 0.6964, 0.75, 0.794, 0.8266, 0.8468, 0.8536, 0.8468, 0.8266, 0.794, 0.75, 0.6964, 0.6353, 0.569, 0.5, 0.431, 0.3647, 0.3036, 0.25, 0.206, 0.1734, 0.1532, 0.1464, 0.1532, 0.1734, 0.206, 0.25, 0.3036, 0.3647, 0.431, 0.5, 0.569, 0.6353, 0.6964, 0.75, 0.794, 0.8266, 0.8468, 0.8536, 0.8468, 0.8266, 0.794, 0.75, 0.6964, 0.6353, 0.569], [0.5, 0.4458, 0.3937, 0.3457, 0.3036, 0.269, 0.2434, 0.2276, 0.2222, 0.2276, 0.2434, 0.269, 0.3036, 0.3457, 0.3937, 0.4458, 0.5, 0.5542, 0.6063, 0.6543, 0.6964, 0.731, 0.7566, 0.7724, 0.7778, 0.7724, 0.7566, 0.731, 0.6964, 0.6543, 0.6063, 0.5542, 0.5, 0.4458, 0.3937, 0.3457, 0.3036, 0.269, 0.2434, 0.2276, 0.2222, 0.2276, 0.2434, 0.269, 0.3036, 0.3457, 0.3937, 0.4458, 0.5, 0.5542, 0.6063, 0.6543, 0.6964, 0.731, 0.7566, 0.7724, 0.7778, 0.7724, 0.7566, 0.731, 0.6964, 0.6543, 0.6063, 0.5542], [0.5, 0.4627, 0.4268, 0.3937, 0.3647, 0.3409, 0.3232, 0.3123, 0.3087, 0.3123, 0.3232, 0.3409, 0.3647, 0.3937, 0.4268, 0.4627, 0.5, 0.5373, 0.5732, 0.6063, 0.6353, 0.6591, 0.6768, 0.6877, 0.6913, 0.6877, 0.6768, 0.6591, 0.6353, 0.6063, 0.5732, 0.5373, 0.5, 0.4627, 0.4268, 0.3937, 0.3647, 0.3409, 0.3232, 0.3123, 0.3087, 0.3123, 0.3232, 0.3409, 0.3647, 0.3937, 0.4268, 0.4627, 0.5, 0.5373, 0.5732, 0.6063, 0.6353, 0.6591, 0.6768, 0.6877, 0.6913, 0.6877, 0.6768, 0.6591, 0.6353, 0.6063, 0.5732, 0.5373], [0.5, 0.481, 0.4627, 0.4458, 0.431, 0.4189, 0.4099, 0.4043, 0.4025, 0.4043, 0.4099, 0.4189, 0.431, 0.4458, 0.4627, 0.481, 0.5, 0.519, 0.5373, 0.5542, 0.569, 0.5811, 0.5901, 0.5957, 0.5975, 0.5957, 0.5901, 0.5811, 0.569, 0.5542, 0.5373, 0.519, 0.5, 0.481, 0.4627, 0.4458, 0.431, 0.4189, 0.4099, 0.4043, 0.4025, 0.4043, 0.4099, 0.4189, 0.431, 0.4458, 0.4627, 0.481, 0.5, 0.519, 0.5373, 0.5542, 0.569, 0.5811, 0.5901, 0.5957, 0.5975, 0.5957, 0.5901, 0.5811, 0.569, 0.5542, 0.5373, 0.519], [0.5, 0.5, 0.5, 0.5, 0.5, 0.5, 0.5, 0.5, 0.5, 0.5, 0.5, 0.5, 0.5, 0.5, 0.5, 0.5, 0.5, 0.5, 0.5, 0.5, 0.5, 0.5, 0.5, 0.5, 0.5, 0.5, 0.5, 0.5, 0.5, 0.5, 0.5, 0.5, 0.5, 0.5, 0.5, 0.5, 0.5, 0.5, 0.5, 0.5, 0.5, 0.5, 0.5, 0.5, 0.5, 0.5, 0.5, 0.5, 0.5, 0.5, 0.5, 0.5, 0.5, 0.5, 0.5, 0.5, 0.5, 0.5, 0.5, 0.5, 0.5, 0.5, 0.5, 0.5], [0.5, 0.519, 0.5373, 0.5542, 0.569, 0.5811, 0.5901, 0.5957, 0.5975, 0.5957, 0.5901, 0.5811, 0.569, 0.5542, 0.5373, 0.519, 0.5, 0.481, 0.4627, 0.4458, 0.431, 0.4189, 0.4099, 0.4043, 0.4025, 0.4043, 0.4099, 0.4189, 0.431, 0.4458, 0.4627, 0.481, 0.5, 0.519, 0.5373, 0.5542, 0.569, 0.5811, 0.5901, 0.5957, 0.5975, 0.5957, 0.5901, 0.5811, 0.569, 0.5542, 0.5373, 0.519, 0.5, 0.481, 0.4627, 0.4458, 0.431, 0.4189, 0.4099, 0.4043, 0.4025, 0.4043, 0.4099, 0.4189, 0.431, 0.4458, 0.4627, 0.481], [0.5, 0.5373, 0.5732, 0.6063, 0.6353, 0.6591, 0.6768, 0.6877, 0.6913, 0.6877, 0.6768, 0.6591, 0.6353, 0.6063, 0.5732, 0.5373, 0.5, 0.4627, 0.4268, 0.3937, 0.3647, 0.3409, 0.3232, 0.3123, 0.3087, 0.3123, 0.3232, 0.3409, 0.3647, 0.3937, 0.4268, 0.4627, 0.5, 0.5373, 0.5732, 0.6063, 0.6353, 0.6591, 0.6768, 0.6877, 0.6913, 0.6877, 0.6768, 0.6591, 0.6353, 0.6063, 0.5732, 0.5373, 0.5, 0.4627, 0.4268, 0.3937, 0.3647, 0.3409, 0.3232, 0.3123, 0.3087, 0.3123, 0.3232, 0.3409, 0.3647, 0.3937, 0.4268, 0.4627], [0.5, 0.5542, 0.6063, 0.6543, 0.6964, 0.731, 0.7566, 0.7724, 0.7778, 0.7724, 0.7566, 0.731, 0.6964, 0.6543, 0.6063, 0.5542, 0.5, 0.4458, 0.3937, 0.3457, 0.3036, 0.269, 0.2434, 0.2276, 0.2222, 0.2276, 0.2434, 0.269, 0.3036, 0.3457, 0.3937, 0.4458, 0.5, 0.5542, 0.6063, 0.6543, 0.6964, 0.731, 0.7566, 0.7724, 0.7778, 0.7724, 0.7566, 0.731, 0.6964, 0.6543, 0.6063, 0.5542, 0.5, 0.4458, 0.3937, 0.3457, 0.3036, 0.269, 0.2434, 0.2276, 0.2222, 0.2276, 0.2434, 0.269, 0.3036, 0.3457, 0.3937, 0.4458], [0.5, 0.569, 0.6353, 0.6964, 0.75, 0.794, 0.8266, 0.8468, 0.8536, 0.8468, 0.8266, 0.794, 0.75, 0.6964, 0.6353, 0.569, 0.5, 0.431, 0.3647, 0.3036, 0.25, 0.206, 0.1734, 0.1532, 0.1464, 0.1532, 0.1734, 0.206, 0.25, 0.3036, 0.3647, 0.431, 0.5, 0.569, 0.6353, 0.6964, 0.75, 0.794, 0.8266, 0.8468, 0.8536, 0.8468, 0.8266, 0.794, 0.75, 0.6964, 0.6353, 0.569, 0.5, 0.431, 0.3647, 0.3036, 0.25, 0.206, 0.1734, 0.1532, 0.1464, 0.1532, 0.1734, 0.206, 0.25, 0.3036, 0.3647, 0.431], [0.5, 0.5811, 0.6591, 0.731, 0.794, 0.8457, 0.8841, 0.9077, 0.9157, 0.9077, 0.8841, 0.8457, 0.794, 0.731, 0.6591, 0.5811, 0.5, 0.4189, 0.3409, 0.269, 0.206, 0.1543, 0.1159, 0.0923, 0.0843, 0.0923, 0.1159, 0.1543, 0.206, 0.269, 0.3409, 0.4189, 0.5, 0.5811, 0.6591, 0.731, 0.794, 0.8457, 0.8841, 0.9077, 0.9157, 0.9077, 0.8841, 0.8457, 0.794, 0.731, 0.6591, 0.5811, 0.5, 0.4189, 0.3409, 0.269, 0.206, 0.1543, 0.1159, 0.0923, 0.0843, 0.0923, 0.1159, 0.1543, 0.206, 0.269, 0.3409, 0.4189], [0.5, 0.5901, 0.6768, 0.7566, 0.8266, 0.8841, 0.9268, 0.9531, 0.9619, 0.9531, 0.9268, 0.8841, 0.8266, 0.7566, 0.6768, 0.5901, 0.5, 0.4099, 0.3232, 0.2434, 0.1734, 0.1159, 0.0732, 0.0469, 0.0381, 0.0469, 0.0732, 0.1159, 0.1734, 0.2434, 0.3232, 0.4099, 0.5, 0.5901, 0.6768, 0.7566, 0.8266, 0.8841, 0.9268, 0.9531, 0.9619, 0.9531, 0.9268, 0.8841, 0.8266, 0.7566, 0.6768, 0.5901, 0.5, 0.4099, 0.3232, 0.2434, 0.1734, 0.1159, 0.0732, 0.0469, 0.0381, 0.0469, 0.0732, 0.1159, 0.1734, 0.2434, 0.3232, 0.4099], [0.5, 0.5957, 0.6877, 0.7724, 0.8468, 0.9077, 0.9531, 0.981, 0.9904, 0.981, 0.9531, 0.9077, 0.8468, 0.7724, 0.6877, 0.5957, 0.5, 0.4043, 0.3123, 0.2276, 0.1532, 0.0923, 0.0469, 0.019, 0.0096, 0.019, 0.0469, 0.0923, 0.1532, 0.2276, 0.3123, 0.4043, 0.5, 0.5957, 0.6877, 0.7724, 0.8468, 0.9077, 0.9531, 0.981, 0.9904, 0.981, 0.9531, 0.9077, 0.8468, 0.7724, 0.6877, 0.5957, 0.5, 0.4043, 0.3123, 0.2276, 0.1532, 0.0923, 0.0469, 0.019, 0.0096, 0.019, 0.0469, 0.0923, 0.1532, 0.2276, 0.3123, 0.4043]], "meta": {"label": "Sine \u00d7 cosine interference pattern"}}